[[4.  0.  4.  ... 0.  0.  0. ]
 [0.  0.  0.  ... 0.  0.  0. ]
 [0.  0.  0.  ... 0.  0.  0. ]
 ...
 [2.5 2.  2.  ... 0.  0.  0. ]
 [3.  0.  0.  ... 0.  0.  0. ]
 [5.  0.  0.  ... 0.  0.  0. ]] 

Iteration 1: RMSE = 0.5396
Iteration 50: RMSE = 0.3130

[[4.05 3.74 4.   ... 0.   0.   1.04]
 [4.1  4.21 4.15 ... 0.   0.   0.16]
 [2.55 2.02 3.98 ... 0.   0.   0.74]
 ...
 [2.82 2.84 1.93 ... 0.   0.   1.5 ]
 [3.24 2.67 2.92 ... 0.   0.   1.7 ]
 [5.11 3.67 3.18 ... 0.   0.   1.07]]

Normalized

 [[4.4  3.85 4.33 ... 0.5  0.5  1.97]
 [3.9  3.6  3.6  ... 0.5  0.5  0.62]
 [2.49 2.27 0.54 ... 0.5  0.5  0.16]
 ...
 [2.57 2.39 1.91 ... 0.5  0.5  0.83]
 [3.23 2.93 2.93 ... 0.5  0.5  0.62]
 [5.15 3.4  3.32 ... 0.5  0.5  1.18]]

Updated

 [[ 4.74  4.23  4.27 ...  0.    0.   -0.22]
 [ 3.74  2.51  4.02 ...  0.    0.    0.9 ]
 [ 2.38  1.28  3.19 ...  0.    0.   -0.15]
 ...
 [ 2.73  2.51  1.99 ...  0.    0.    1.05]
 [ 3.33  2.36  3.14 ...  0.    0.    1.42]
 [ 4.46  3.56  2.88 ...  0.    0.    1.44]]

 [[ 4.4   3.6   3.77 ...  0.    0.    1.8 ]
 [ 3.36  2.85  4.24 ...  0.    0.    1.52]
 [ 1.97  2.27  3.3  ...  0.    0.    0.66]
 ...
 [ 2.98  2.34  2.29 ...  0.    0.   -0.06]
 [ 3.36  2.51  3.29 ...  0.    0.    2.31]
 [ 4.71  3.66  4.19 ...  0.    0.    2.75]]