0.90,0.08,0.59,0.39,0.54,0.75,0.66,1.02,0.28,0.81
0.75,0.43,-0.09,0.31,0.31,0.73,0.61,1.06,0.32,0.16
1.16,-0.52,-0.28,0.41,-0.78,0.94,-0.14,1.21,0.26,-0.34
-0.04,-0.26,0.53,1.05,1.43,0.43,-0.22,0.43,0.25,0.81
0.85,-0.14,0.69,-0.08,1.06,0.35,-0.18,0.76,0.82,0.64
0.80,0.67,0.13,0.18,0.73,0.72,1.25,0.41,0.09,0.28
0.46,0.30,0.16,1.29,0.72,-0.18,0.17,0.42,0.66,1.11
0.59,0.89,0.59,0.69,0.06,0.06,0.61,0.46,0.53,0.71
0.57,0.01,0.76,0.81,0.90,0.64,-0.03,1.20,-0.33,0.23
0.04,-0.11,0.21,-0.01,0.97,0.57,1.60,0.25,0.60,0.23
0.59,0.97,-0.00,0.64,0.93,0.68,0.50,0.23,0.61,0.28
0.96,0.99,0.32,0.37,0.33,-0.07,1.22,0.36,0.60,1.02
0.11,0.86,0.44,0.67,0.47,1.17,0.35,0.84,-0.25,0.46
0.93,1.16,0.39,-0.17,0.48,0.17,0.47,0.44,0.89,0.15
0.87,1.14,-0.09,-0.38,0.77,0.84,0.13,0.50,0.90,0.23
0.75,0.34,0.53,0.50,0.77,0.42,0.20,0.62,0.32,0.30
0.64,0.35,0.61,0.54,0.48,0.53,0.47,0.97,0.38,0.39
0.43,0.60,0.63,0.51,0.33,0.68,0.47,0.58,0.53,0.45
0.28,-0.08,0.43,0.33,0.59,0.74,0.38,0.46,0.38,0.71
0.81,0.41,0.81,0.31,1.41,0.32,0.50,0.32,0.46,0.16
0.55,0.63,-0.34,0.54,0.55,0.79,1.16,0.44,0.26,-0.04
0.02,0.76,-0.71,0.17,0.56,-0.06,-0.04,0.51,1.66,1.12
0.06,0.24,0.56,0.27,0.48,0.86,0.03,0.74,0.68,0.33
0.56,0.48,0.19,0.33,0.40,0.74,0.57,0.49,0.58,0.65
0.53,0.55,0.78,0.79,0.49,0.71,0.65,0.63,0.52,0.52
0.64,0.39,0.45,0.77,0.18,0.42,0.26,0.75,0.31,0.29
0.33,1.17,0.02,0.10,0.96,0.64,0.78,-0.13,0.39,0.68
0.30,0.38,0.33,0.64,0.10,0.74,0.32,0.61,0.89,-0.19
0.38,1.01,0.22,0.71,0.40,0.60,0.28,0.89,0.49,0.49
0.46,0.49,0.82,0.45,0.69,0.77,0.89,0.68,0.02,0.78
0.39,0.89,0.44,1.07,0.62,0.41,0.91,0.41,-0.62,0.68
0.22,0.90,0.88,0.94,0.73,0.32,0.47,0.44,0.21,0.29
0.24,0.57,0.76,0.47,0.73,0.36,0.15,1.23,0.47,0.05
-0.73,0.10,0.45,1.40,0.17,0.44,1.15,0.56,0.06,0.66
0.79,0.93,0.15,0.29,0.89,0.19,0.86,0.87,0.60,0.51
-0.33,1.40,0.41,0.32,0.26,0.89,0.04,0.21,0.40,0.25
0.22,0.12,-0.09,0.50,0.30,0.65,1.14,1.75,0.53,0.53
0.40,0.56,0.18,0.34,1.04,0.13,0.37,0.33,0.06,0.90
0.76,1.06,0.81,0.58,0.18,0.43,0.15,0.86,0.29,0.12
0.71,1.12,1.10,0.41,0.41,0.02,0.35,0.75,-0.09,0.65
0.15,1.32,0.41,0.02,0.91,0.39,0.41,0.50,0.40,-0.32
0.79,0.63,0.57,0.18,0.43,-0.08,0.89,0.72,0.94,0.44
1.38,0.00,0.20,0.69,1.04,0.37,1.15,0.98,0.15,0.19
0.84,-0.11,0.00,0.05,1.32,0.56,0.39,0.96,0.59,0.56
0.31,0.84,0.60,0.97,0.10,0.53,0.92,0.79,0.08,0.51
1.01,0.88,0.37,0.65,0.51,0.66,0.64,0.35,0.22,0.53
1.38,-0.00,0.54,0.45,0.28,0.08,0.31,0.05,0.76,0.09
0.61,0.72,-0.02,0.64,0.63,0.53,0.73,0.64,0.46,0.88
0.72,0.72,0.61,0.76,0.55,0.57,0.59,0.46,0.33,0.24
0.28,0.45,0.80,0.24,0.64,0.24,-0.28,0.60,0.40,0.35
1.07,0.85,0.22,-0.01,0.44,0.70,-0.01,0.89,1.24,0.18
0.90,0.63,0.76,0.87,0.65,0.46,0.60,0.42,0.16,0.57
0.73,0.96,0.56,0.54,0.00,1.07,1.02,1.37,0.25,0.34
0.39,0.47,0.65,0.34,0.62,0.21,0.46,0.32,0.47,0.33
-0.57,-0.09,0.34,0.23,-0.25,0.45,0.88,1.01,1.52,0.98
0.59,0.36,0.23,0.53,0.30,0.76,0.70,0.68,0.31,1.02
0.29,0.57,0.62,0.59,0.71,0.76,-0.18,0.43,0.24,0.82
0.19,0.24,0.42,0.44,1.25,0.47,1.01,0.30,0.70,0.84
0.72,0.57,1.15,0.74,0.74,0.83,-0.08,-0.05,0.38,0.31
0.59,0.14,0.42,0.31,0.82,0.17,0.78,0.76,0.86,0.47
0.53,0.61,0.68,0.73,0.21,0.31,0.16,0.81,0.69,0.45
0.65,0.45,0.72,0.39,0.15,1.00,0.68,0.51,0.54,0.52
0.24,0.41,0.79,0.32,0.63,0.58,0.50,0.59,-0.32,1.02
0.80,0.48,0.69,0.47,0.46,0.50,0.14,0.61,0.51,0.67
0.34,0.96,0.52,0.33,0.09,0.56,0.41,0.58,0.63,0.55
0.75,0.93,0.86,0.31,0.22,0.53,0.45,0.73,0.32,0.42
0.03,1.23,-0.22,0.26,0.81,0.44,0.80,0.72,0.59,0.33
0.39,0.14,0.42,1.09,0.26,0.58,0.90,0.08,0.56,0.33
0.66,0.59,0.39,0.41,0.81,0.85,0.38,0.42,0.81,0.69
0.35,0.53,0.57,0.66,0.61,0.69,0.12,0.15,0.70,0.96
0.82,0.59,0.53,1.39,-0.18,0.34,0.95,-0.01,-0.05,0.77
0.47,0.62,0.35,0.59,0.49,0.65,0.43,0.81,0.36,0.62
0.68,0.12,0.76,0.57,0.32,1.00,0.75,0.52,0.74,0.01
0.44,0.80,1.11,0.26,0.45,0.58,0.18,0.30,0.63,0.64
-0.03,0.04,0.57,1.14,0.03,0.49,-0.27,0.29,0.29,1.51
0.40,0.94,0.20,0.33,-0.41,0.37,-0.24,1.47,0.42,-0.04
0.35,-0.37,0.57,1.00,0.90,0.99,0.49,0.84,-0.35,0.71
0.53,0.12,-0.33,1.01,0.17,0.37,0.37,0.84,0.42,0.90
0.82,0.72,0.39,0.48,0.62,0.76,-0.04,0.50,0.43,0.84
0.53,0.76,0.33,0.77,0.25,0.65,1.01,0.53,0.58,0.51
0.19,0.27,0.06,0.69,0.51,0.17,0.66,0.68,1.12,-0.30
0.57,0.48,0.01,0.37,0.01,0.46,1.23,0.73,0.64,0.34
1.59,0.58,0.69,0.81,0.10,0.23,-0.07,0.55,-0.26,0.22
0.64,0.95,0.58,0.17,0.96,0.23,0.24,0.43,0.45,0.37
0.74,0.64,0.82,0.16,1.15,0.24,-0.26,0.70,-0.18,0.61
0.24,0.72,0.50,0.60,0.75,0.22,0.98,0.65,0.23,0.42
0.40,0.50,0.97,0.74,0.78,0.46,0.16,0.49,0.17,0.62
0.31,0.53,0.88,0.51,0.47,0.70,0.34,0.65,0.64,0.54
0.68,0.69,0.39,0.77,-0.34,0.31,0.86,0.23,-0.71,0.65
0.52,0.67,0.35,0.39,1.37,0.69,-0.07,0.56,0.72,0.01
0.15,-0.04,0.40,0.97,0.16,0.69,0.37,1.12,0.44,0.44
0.85,0.31,0.29,0.66,-0.04,0.98,0.79,0.23,0.29,0.79
0.64,0.82,0.19,0.82,0.19,0.71,0.94,0.82,0.57,0.59
0.16,0.52,-0.35,0.70,0.80,0.48,0.64,0.63,0.33,0.53
0.71,0.42,0.56,0.70,0.55,0.82,0.21,0.85,0.63,0.26
0.18,0.77,0.34,1.09,1.12,0.32,0.18,0.92,-0.19,0.54
0.31,0.56,0.24,0.90,0.45,0.79,1.20,0.63,0.27,0.70
-0.02,1.10,1.36,0.76,0.59,0.24,0.75,0.27,0.25,-0.07
1.04,0.64,0.43,0.65,-0.02,0.71,0.54,0.85,-0.32,1.21
0.54,0.49,0.55,0.52,0.53,0.29,1.21,0.25,0.58,0.68
0.53,0.66,1.08,0.86,0.40,0.40,0.13,0.76,0.23,-0.17
0.67,0.57,0.49,0.08,0.54,0.27,0.39,1.03,0.01,0.78
0.65,0.61,0.53,0.01,0.35,0.34,0.58,1.00,0.64,0.75
0.41,0.39,0.81,0.82,0.62,0.22,0.75,-0.04,0.37,0.74
0.63,0.63,0.64,0.49,-0.04,0.69,0.69,0.60,0.57,0.50
0.61,0.08,0.74,0.21,0.64,1.14,0.89,0.13,0.54,0.45
0.97,1.12,0.21,0.19,0.87,0.58,0.73,0.10,0.12,0.54
0.63,1.05,0.14,-0.04,0.67,1.17,0.21,0.44,0.22,0.89
0.63,0.72,0.74,0.16,0.22,0.32,0.70,0.54,0.54,0.34
0.55,0.32,1.00,0.38,0.53,0.59,0.04,0.46,0.37,0.51
0.51,-0.00,0.10,-0.17,0.70,0.49,1.08,0.37,0.60,0.97
0.85,0.32,0.13,1.08,-0.43,1.48,0.27,0.90,0.65,-0.31
0.66,0.71,1.27,0.17,0.65,0.98,-0.32,-0.22,0.50,0.30
0.59,-0.22,0.82,0.64,0.12,0.62,0.36,0.90,0.35,-0.04
0.53,-0.16,0.85,0.84,0.69,0.38,1.12,0.50,0.82,0.14
0.38,0.69,0.14,0.57,-0.03,0.89,1.14,0.28,1.15,-0.21
0.64,0.56,0.29,0.22,0.72,0.36,0.62,0.44,0.42,0.59
0.53,0.77,0.50,0.40,0.22,0.60,0.29,0.62,0.65,0.74
0.53,0.53,0.47,0.68,-0.03,0.62,1.11,0.53,0.60,0.58
1.00,0.22,0.99,0.38,1.03,0.26,0.23,0.38,0.19,0.44
0.36,0.77,0.40,0.03,-0.13,0.88,0.92,0.49,0.45,0.60
0.65,0.69,0.73,0.59,0.45,0.70,0.44,0.92,0.51,0.52
0.48,0.70,0.34,0.58,0.18,0.37,0.92,0.57,0.37,0.68
0.82,0.45,0.81,0.67,0.61,0.45,0.18,0.76,0.07,0.58
0.60,0.15,0.54,0.23,0.15,0.03,0.54,1.12,0.80,0.88
1.18,0.89,0.66,0.92,0.74,0.57,0.21,-0.14,-0.48,0.27
-0.59,0.41,0.49,0.99,0.68,0.65,-0.82,1.30,0.49,0.09
0.99,0.71,0.73,0.08,0.68,0.36,0.28,0.32,0.56,0.83
0.43,0.53,0.65,0.91,0.41,0.35,0.70,0.65,0.58,0.38
1.02,0.55,-0.06,0.50,0.09,0.42,0.34,0.78,0.60,0.90
0.55,0.30,0.57,0.68,0.38,0.39,0.05,0.49,0.43,0.53
0.09,0.70,0.63,0.20,0.45,0.39,0.54,0.33,0.42,0.44
0.29,0.31,0.54,0.43,0.35,0.62,0.50,0.45,-0.04,0.70
1.00,0.85,0.09,0.35,0.46,0.24,0.68,0.67,0.76,0.22
0.64,0.08,0.65,0.53,0.86,0.36,0.32,0.98,0.46,0.44
0.79,0.34,0.92,0.05,0.04,0.08,1.59,0.28,-0.08,0.56
0.46,0.36,0.58,0.47,0.64,0.69,-0.11,0.49,0.68,0.50
1.57,0.46,-0.17,0.72,0.78,1.10,-0.39,0.08,0.55,0.15
-0.11,0.15,0.03,0.58,0.70,0.90,0.20,-0.10,0.53,0.39
0.85,0.47,0.35,0.61,0.57,0.60,0.69,0.05,0.64,0.30
0.47,0.48,0.72,0.60,0.34,0.32,0.55,0.36,0.33,0.67
0.62,0.77,0.46,0.49,0.61,0.43,0.17,0.62,0.15,0.93
0.57,0.66,0.10,0.34,1.05,0.19,1.48,0.03,-0.28,-0.44
0.47,0.62,0.62,0.54,0.50,0.57,0.61,0.70,0.12,0.30
0.67,0.42,0.48,0.57,0.62,0.27,0.59,0.45,0.59,0.11
0.27,0.63,0.66,0.50,0.86,0.37,0.97,0.51,0.42,0.17
0.46,0.51,0.19,1.10,0.16,0.18,-0.31,1.70,0.51,0.02
0.83,0.62,0.47,0.80,0.39,0.32,0.85,0.11,-0.07,0.32
0.25,0.47,1.12,1.29,-0.30,0.54,0.10,-0.04,0.23,0.41
0.40,0.73,0.39,0.55,0.41,0.83,0.69,0.77,0.41,0.44
1.21,-0.10,-0.09,0.92,0.53,0.82,0.31,0.60,0.29,0.73
0.67,0.65,0.94,0.45,0.43,0.20,0.17,0.67,0.37,0.44
-0.00,0.65,1.20,-0.67,-0.32,0.25,0.13,0.05,0.39,0.94
0.85,-0.45,1.10,1.00,0.66,0.96,0.38,0.34,0.40,0.62
0.14,0.34,-0.02,0.81,0.04,0.26,0.87,1.03,0.90,0.35
0.47,1.05,0.92,0.22,0.64,0.33,-0.12,0.47,-0.05,0.56
-0.11,0.21,-0.04,0.53,0.02,0.63,1.13,1.11,0.87,0.41
0.57,0.32,0.66,0.37,-0.14,0.53,0.41,1.14,0.60,0.44
0.21,0.59,-0.15,0.78,1.40,0.82,0.40,-0.64,0.27,0.55
1.20,0.54,1.00,-0.18,0.14,-0.31,-0.14,1.02,0.12,0.93
0.39,-0.31,1.24,0.75,0.45,0.52,0.81,0.50,0.48,0.64
0.97,0.60,0.90,0.45,1.07,0.18,0.83,0.03,0.29,0.40
0.50,0.27,0.12,-0.10,0.30,0.97,0.54,0.30,0.77,0.88
0.94,0.99,-0.16,0.95,0.48,0.64,0.18,0.53,0.39,0.52
0.04,0.36,0.55,0.46,0.40,0.84,0.97,0.43,0.41,0.58
0.35,0.41,0.67,0.57,0.50,0.84,0.66,0.58,0.48,0.43
-0.16,-0.17,0.71,0.52,0.68,0.77,0.53,0.70,0.02,1.12
0.48,0.49,1.08,0.05,0.52,0.52,-0.22,0.81,0.62,0.70
0.90,0.46,0.63,0.75,0.70,0.46,0.94,0.50,0.19,0.57
0.86,0.91,0.12,0.23,0.45,0.29,0.61,0.22,0.23,0.69
0.83,0.66,0.92,0.39,0.51,0.73,0.56,1.06,-0.17,0.45
0.15,0.36,0.11,0.38,0.45,0.63,0.43,1.12,0.38,1.03
0.61,1.16,0.62,0.54,0.49,0.49,0.19,-0.00,0.56,0.36
1.14,0.74,0.32,0.68,-0.05,0.56,0.81,0.31,0.61,0.27
0.88,0.14,1.10,0.07,-0.59,0.59,0.72,-0.66,1.05,0.49
0.27,1.19,0.31,0.31,0.65,0.92,0.99,0.19,0.47,0.44
0.33,0.54,0.70,0.61,0.74,0.28,0.77,-0.10,0.72,0.44
0.49,1.18,0.44,0.16,0.23,0.51,0.20,0.85,0.87,0.40
0.93,0.78,0.23,0.74,0.48,0.29,0.53,0.62,0.34,0.57
0.49,0.35,0.60,0.53,0.36,0.48,0.43,0.66,0.37,0.71
0.63,0.57,0.21,0.33,1.06,0.03,0.88,-0.08,0.15,0.45
0.18,0.60,1.02,-0.15,0.56,0.44,0.44,0.72,0.60,0.60
0.46,0.80,0.14,0.84,1.14,0.24,0.40,0.17,0.45,0.51
0.37,0.86,0.63,1.05,0.05,0.35,0.28,0.74,0.26,0.55
0.04,0.79,0.93,0.38,0.37,0.29,0.73,0.11,0.25,0.95
0.58,0.59,0.46,1.10,0.46,0.53,0.72,0.48,0.51,0.46
0.16,0.35,1.30,0.20,0.11,0.28,-0.12,0.91,0.80,0.43
0.63,0.61,0.71,0.54,1.32,0.38,0.76,0.57,-0.05,0.11
0.53,0.63,0.48,0.35,0.48,0.61,0.27,0.51,0.35,0.75
0.63,0.42,0.95,0.46,0.28,0.76,0.44,0.16,0.45,0.71
0.27,0.82,1.61,0.43,0.76,0.54,-0.39,0.61,-0.34,0.47
0.67,0.66,0.02,1.19,0.71,0.36,1.32,-0.25,0.22,0.42
0.38,0.03,0.94,-0.44,0.95,0.12,0.11,1.03,0.90,0.30
0.34,0.26,0.31,0.52,0.57,0.71,0.71,0.59,0.25,0.80
0.08,0.95,0.28,0.28,0.28,0.59,0.78,0.17,0.67,1.14
0.55,0.87,-0.05,0.63,0.93,0.59,1.02,-0.12,0.30,0.50
0.08,0.93,0.21,0.60,0.15,1.29,0.83,0.59,0.40,-0.02
0.46,0.79,0.66,0.27,0.99,0.24,0.70,0.91,0.07,-0.26
0.16,0.41,0.57,1.00,0.56,0.35,-0.30,0.61,0.50,0.72
0.44,0.43,0.48,0.41,0.78,0.44,1.14,0.71,0.54,0.21
0.78,0.54,0.15,0.75,0.88,0.22,0.68,0.76,0.64,0.64
0.62,0.50,0.38,0.48,0.64,0.67,0.31,0.46,0.83,0.52
0.89,0.97,0.70,0.26,0.32,0.54,0.80,0.38,0.66,0.02
0.29,0.82,0.87,0.57,0.48,0.27,0.50,1.14,0.26,-0.10
0.00,0.14,0.68,0.28,0.11,0.69,1.10,0.58,0.44,0.67
0.74,0.62,0.98,0.33,1.09,0.47,0.46,0.18,0.57,0.33
0.28,1.34,0.26,0.40,0.26,0.98,-0.45,0.54,0.68,-0.31
0.25,0.51,0.20,0.19,0.46,0.50,0.90,0.94,0.36,0.36
0.33,0.26,0.82,0.62,0.49,0.79,0.21,0.96,0.33,0.69
0.58,0.25,0.35,0.76,0.40,1.02,1.20,0.28,0.24,0.24
0.58,0.55,0.24,0.62,1.06,0.53,0.63,0.53,0.44,0.28
0.43,0.42,0.64,0.45,0.45,0.35,0.57,0.74,0.17,0.49
0.37,0.63,0.35,0.64,0.31,0.67,1.02,0.56,0.34,0.68
0.67,-0.15,0.34,0.52,0.76,0.13,0.49,0.30,0.24,0.78
0.39,0.68,0.73,0.13,0.67,0.86,0.72,0.07,0.06,0.85
0.86,1.17,0.11,0.84,0.51,0.19,-0.29,0.49,0.40,0.44
0.06,0.87,-0.16,0.71,0.83,0.33,0.50,0.26,0.47,0.43
0.92,0.32,0.84,0.82,0.27,0.24,-0.24,0.64,0.08,0.85
-0.16,0.51,0.44,0.92,0.51,0.58,0.04,0.86,0.25,0.60
0.40,0.94,0.05,0.88,1.13,0.66,0.49,0.42,0.35,0.36
0.47,0.83,0.91,0.35,0.41,0.47,-0.14,0.77,0.69,0.23
0.61,0.08,0.16,0.39,0.42,0.48,0.54,0.93,0.32,0.65
-0.05,0.30,0.26,0.70,1.11,0.63,0.80,0.14,0.55,0.25
1.22,0.47,0.50,0.25,1.43,-0.26,0.99,0.34,0.75,0.38
0.35,0.74,-0.13,0.33,0.30,0.52,0.68,0.05,0.97,1.33
0.50,-0.07,0.42,0.37,0.47,0.82,0.52,1.05,0.27,0.67
0.48,0.51,0.94,0.45,0.36,0.54,0.70,0.77,0.40,0.29
0.32,0.70,-0.15,0.89,0.43,0.65,0.53,1.04,0.29,0.00
0.54,0.67,0.48,0.69,0.38,0.39,0.57,0.64,0.58,0.60
0.48,0.53,0.49,0.68,-0.70,0.90,1.01,0.38,0.22,-0.19
0.67,0.42,0.23,1.53,0.64,0.44,0.27,0.72,0.27,-0.33
0.63,0.71,0.30,0.48,0.07,0.52,0.54,0.74,0.73,0.35
0.45,0.71,0.59,0.03,0.63,0.61,0.43,0.32,0.42,0.28
0.88,0.28,0.72,0.74,0.60,0.39,0.80,0.08,1.09,0.08
0.65,0.83,0.67,0.72,0.63,0.16,0.32,0.29,0.16,0.61
0.48,0.13,0.90,1.62,0.17,0.10,-0.06,0.69,0.76,0.98
0.24,0.78,0.28,0.68,0.17,0.65,0.16,0.45,0.89,0.00
0.42,-0.00,1.29,0.84,-0.05,-0.12,0.71,0.90,0.47,0.17
0.52,0.54,0.57,0.75,0.06,0.73,0.69,0.61,0.66,0.40
1.30,0.55,-0.22,0.59,-0.15,0.78,0.99,0.86,0.20,0.71
0.73,0.12,0.58,0.27,0.00,0.82,0.49,0.66,0.95,0.51
-0.05,0.89,0.48,0.19,0.61,0.12,0.67,1.16,0.42,0.63
0.24,0.59,-0.50,0.71,0.47,0.13,1.30,1.34,0.70,0.75
0.21,0.40,0.79,0.23,1.08,1.28,0.80,0.23,0.08,0.28
-0.31,1.03,0.20,0.52,0.67,0.25,0.19,0.11,0.08,0.48
0.43,0.59,0.83,0.34,0.41,1.09,0.91,0.42,0.11,0.47
0.31,0.48,0.41,0.44,0.31,0.87,0.35,0.39,0.31,0.99
0.52,0.04,0.28,0.55,0.21,0.80,1.03,0.51,-0.12,0.62
0.66,0.46,0.57,0.52,0.32,0.66,0.61,0.75,0.45,0.60
1.28,0.24,0.59,0.27,0.87,1.05,0.55,0.36,0.19,0.01
0.59,0.81,0.23,0.05,0.88,0.73,0.27,0.72,0.85,0.65
0.41,0.79,0.99,0.23,0.65,0.80,0.62,-0.02,0.53,0.48
0.26,0.80,1.06,0.13,1.00,0.56,0.27,0.44,0.40,0.28
0.21,1.12,0.48,0.44,0.53,0.44,0.35,0.81,0.45,0.27
0.93,-0.32,-0.85,-0.15,0.15,0.32,1.19,1.41,-0.32,0.72
0.83,0.86,-0.17,0.46,0.16,0.73,1.04,0.30,0.54,0.74
0.56,0.81,0.19,0.44,0.87,0.26,1.14,0.71,-0.37,0.10
0.40,0.47,0.87,-0.56,-0.28,0.28,1.00,1.41,0.06,1.37
0.06,0.55,-0.37,0.81,-0.10,-0.97,1.08,1.90,1.03,-0.04
0.18,0.02,0.64,0.77,0.37,0.73,0.68,0.69,0.23,0.73
0.96,1.43,0.56,0.20,0.57,0.30,0.03,0.63,0.21,0.20
1.22,0.26,0.99,0.50,0.29,0.79,-0.14,0.57,0.12,-0.35
0.62,0.80,0.39,0.34,0.54,0.78,0.45,0.37,0.44,0.60
0.08,0.85,0.17,0.70,0.75,0.70,0.27,0.41,0.65,0.59
0.39,0.33,0.10,0.91,0.80,0.56,0.35,0.59,0.43,0.57
-0.11,0.39,0.40,0.72,0.14,0.48,-0.21,1.64,0.26,0.91
0.92,0.62,0.12,1.27,0.86,0.57,0.96,-0.14,0.45,0.44
0.16,0.12,0.76,0.83,0.25,0.24,-0.65,0.61,0.52,1.19
1.09,0.52,0.85,0.24,0.36,1.04,0.47,0.19,0.49,0.39
0.59,0.99,0.11,0.35,0.54,0.86,0.17,-0.12,1.06,0.59
0.69,0.34,0.49,0.39,-0.11,0.51,0.30,0.46,0.85,0.78
0.20,0.33,-0.12,0.57,0.51,0.39,0.84,0.72,0.85,0.49
0.56,0.74,1.00,0.72,0.22,0.53,0.22,0.30,0.28,1.21
0.87,0.53,0.22,0.52,0.20,0.34,0.45,0.95,0.12,0.56
0.92,0.18,0.45,0.64,0.33,0.11,0.33,0.45,0.95,1.27
0.52,0.64,-0.05,0.88,0.66,0.41,1.09,1.02,-0.02,0.88
0.96,0.75,0.75,0.83,-0.11,0.27,0.52,0.90,0.55,0.36
0.87,1.35,0.51,-0.06,0.07,0.63,0.70,0.57,0.69,0.27
0.05,0.72,0.08,0.77,0.20,0.59,0.19,0.91,0.45,0.67
1.24,0.47,0.78,0.39,0.26,0.21,0.75,0.25,0.49,0.67
0.36,0.34,0.19,0.70,0.34,1.56,0.40,0.30,0.08,0.28
0.44,0.53,0.65,0.37,0.69,0.66,0.79,0.69,0.33,0.45
0.46,0.62,-0.60,0.36,0.66,0.61,0.74,1.04,0.19,0.63
0.64,0.43,0.12,0.73,0.05,0.81,0.83,0.49,0.21,1.10
0.51,0.14,1.26,0.05,0.60,-0.09,0.48,0.72,0.81,0.37
0.27,0.70,0.76,0.47,0.45,0.44,0.68,0.76,0.44,0.47
-0.06,0.11,1.50,-0.10,0.08,1.02,-0.34,0.37,0.40,0.53
0.35,0.55,0.74,0.49,0.41,0.29,0.46,0.70,0.13,0.73
0.53,0.38,0.75,0.53,0.32,0.79,0.50,0.39,0.55,0.44
0.45,0.57,0.87,0.79,0.70,0.46,0.10,0.43,0.47,0.57
0.38,0.16,0.22,0.78,0.94,0.73,1.20,0.10,0.45,0.38
0.55,0.32,-0.01,0.70,0.71,0.82,0.99,0.19,0.23,0.25
0.08,0.51,0.50,0.35,0.22,0.41,0.74,0.49,0.59,0.20
0.48,0.04,0.06,-0.18,0.23,0.47,0.36,0.79,1.29,0.70
0.84,-0.12,1.58,-0.42,-0.01,0.94,0.43,0.73,0.51,0.59
0.23,0.40,0.68,0.12,0.69,-0.15,0.18,0.77,0.61,1.67
-0.44,0.68,0.59,0.64,0.46,0.71,-0.11,1.14,-0.17,0.37
0.33,0.03,0.26,0.52,0.34,0.90,-0.32,0.89,0.25,0.34
0.60,0.41,0.33,0.53,0.51,0.67,1.03,0.43,0.49,0.48
0.52,0.83,1.22,0.13,0.54,0.49,-0.04,0.55,0.13,0.53
-0.19,0.78,1.49,0.27,0.62,0.26,0.72,0.64,0.26,-0.38
0.64,0.84,0.79,0.54,0.50,0.22,0.51,0.44,0.65,0.61
0.66,0.49,-0.27,1.41,0.49,0.88,0.60,0.58,-0.03,0.19
0.81,0.57,-0.14,0.88,0.90,0.38,0.49,0.22,0.70,0.73
0.50,0.50,0.98,0.78,0.21,-0.01,0.68,1.09,0.19,0.40
0.23,0.50,0.66,0.03,0.28,0.76,1.08,0.62,0.51,-0.14
0.29,0.37,0.72,0.15,0.25,0.92,0.51,0.92,0.18,-0.14
0.27,-1.25,1.11,0.75,0.51,0.53,0.93,0.04,-0.25,0.06
0.07,0.67,0.41,0.55,0.66,0.66,0.34,-0.08,0.88,0.58
0.09,0.02,0.39,0.37,0.64,0.29,-0.41,0.94,1.12,1.17
-0.39,0.63,0.21,1.44,-0.39,0.13,-0.48,0.77,-0.04,0.59
0.85,0.62,0.57,0.26,0.78,0.62,-0.10,0.77,0.46,0.36
1.12,0.68,0.29,0.87,-0.44,0.91,-0.11,0.81,0.62,-0.37
0.76,0.32,0.69,0.21,0.85,0.43,0.26,0.16,0.21,0.68
0.40,-0.15,0.82,0.53,1.21,0.25,0.42,0.51,0.34,-0.04
0.90,0.27,0.21,0.12,0.16,0.73,0.30,0.88,0.16,0.52
1.09,0.76,0.22,0.48,0.22,0.75,-0.07,0.95,0.36,-0.10
0.56,0.61,0.45,0.20,0.35,0.33,0.76,0.84,0.39,0.63
0.47,0.27,0.57,0.63,0.64,0.99,0.40,0.45,0.71,0.61
0.62,0.04,1.23,0.51,0.37,0.33,0.66,0.74,-0.02,0.42
1.02,0.35,0.27,0.63,0.17,0.35,0.92,0.70,0.22,0.33
0.48,0.40,0.47,0.40,0.71,0.72,0.54,0.02,0.01,0.75
0.31,0.33,0.82,0.78,0.72,0.33,0.33,0.12,0.52,0.48
0.71,1.22,-0.33,0.76,0.47,0.31,-0.24,0.44,0.38,0.50
0.34,1.00,0.83,0.53,0.44,0.42,-0.28,0.49,0.47,0.65
0.28,1.32,0.89,-0.03,0.17,0.80,0.72,0.44,0.15,0.14
1.08,0.50,-0.18,0.62,-0.08,0.70,1.02,0.73,0.30,0.89
0.51,0.35,0.26,0.15,0.62,1.70,-0.46,0.11,0.25,0.67
0.16,1.45,0.44,1.11,-0.05,0.42,-0.44,-0.76,0.48,-0.54
0.07,0.73,0.77,0.57,0.62,0.46,0.57,0.80,0.37,0.05
0.36,0.18,1.18,-0.10,0.40,0.61,0.12,0.96,0.52,0.62
0.49,0.78,0.56,0.41,0.63,0.52,0.30,0.40,0.26,0.56
0.88,0.57,1.22,0.73,-0.28,-0.00,0.23,0.08,0.47,-0.11
0.11,0.60,0.42,0.52,0.53,0.60,0.64,0.35,0.29,0.52
0.38,0.49,0.61,0.92,0.34,1.33,0.19,0.78,0.08,0.40
0.35,0.86,0.42,0.44,0.39,0.91,0.59,0.87,0.17,0.70
1.18,0.19,0.56,1.42,0.64,0.28,0.84,0.54,0.47,0.34
0.51,0.50,0.43,-0.43,0.95,0.67,0.08,0.42,1.16,0.51
0.46,1.20,0.46,0.51,0.28,0.44,0.28,0.83,0.75,0.11
0.68,0.16,0.17,0.90,0.59,1.02,0.70,0.55,0.44,0.76
0.44,0.89,0.51,0.39,0.25,0.82,0.70,0.49,0.78,0.32
0.25,0.62,0.20,0.48,0.18,0.52,1.09,0.38,0.50,0.31
0.60,1.21,0.67,0.17,-0.02,0.81,0.70,0.25,0.44,0.45
0.69,0.03,0.09,0.61,1.20,0.46,0.93,1.21,-0.29,0.26
0.34,0.88,0.64,0.67,0.54,0.79,0.76,0.28,0.07,0.62
0.57,0.27,0.93,0.15,0.37,0.72,-0.27,0.63,0.43,0.53
0.72,0.23,0.32,0.66,0.49,0.52,0.66,0.15,0.73,0.67
0.22,0.81,0.85,0.28,0.48,0.68,0.80,0.55,0.61,0.80
0.20,0.78,0.56,0.71,0.91,0.56,0.64,0.46,0.07,0.29
0.63,0.08,0.13,0.82,0.40,0.46,0.79,0.79,0.09,0.46
0.63,0.92,0.34,0.22,0.05,0.57,0.53,0.52,0.43,0.69
0.76,0.81,0.48,0.40,-0.21,1.03,0.37,0.53,0.41,0.68
0.50,1.11,0.41,0.65,0.23,0.75,0.25,0.45,-0.21,0.86
0.56,0.57,0.35,0.49,0.56,0.27,0.69,0.71,0.60,0.44
0.03,0.84,0.27,0.51,0.51,0.84,0.82,1.08,0.20,0.29
0.55,0.66,0.57,0.30,0.60,0.87,0.33,0.51,0.59,0.58
0.71,0.69,0.75,0.52,0.69,0.55,0.51,0.28,0.53,0.23
0.45,0.31,1.00,-0.22,0.64,0.56,0.62,-0.40,0.81,0.78
0.76,0.94,0.93,0.21,0.70,-0.21,0.72,0.15,0.55,0.20
-0.52,0.87,-0.29,0.45,0.43,0.36,0.86,0.34,1.35,1.21
0.61,0.18,-0.10,0.89,0.18,0.39,1.51,0.15,0.25,0.26
0.57,0.56,0.92,0.52,0.24,0.66,0.38,0.57,0.44,0.78
0.23,0.92,0.51,0.80,0.47,-0.26,0.38,0.72,0.13,0.66
1.78,0.32,0.40,1.07,0.58,0.66,0.37,0.01,0.30,0.39
1.27,-0.31,0.32,0.43,0.49,-0.06,0.77,0.13,0.29,0.56
0.45,0.57,0.56,0.56,0.50,0.90,0.26,0.70,0.31,0.28
0.50,0.38,0.18,0.84,0.27,0.54,1.05,0.14,0.57,1.33
0.46,0.80,0.52,0.62,0.41,0.27,0.16,0.57,0.10,0.50
0.16,0.46,0.42,0.24,-0.03,0.59,0.71,1.04,0.19,0.68
0.37,0.78,0.69,0.78,0.18,0.32,0.51,0.28,0.31,0.45
0.91,0.59,0.70,0.25,0.46,0.64,0.77,0.85,0.73,0.37
0.21,1.27,0.39,0.67,0.18,0.14,0.34,0.16,0.59,0.87
0.63,0.83,0.66,-0.20,0.64,0.94,0.30,0.65,0.88,-0.43
0.75,-0.02,0.31,0.51,0.17,0.51,0.42,0.95,0.97,0.79
0.07,0.48,0.95,-0.34,0.45,0.99,0.53,1.00,0.46,0.91
0.63,0.77,0.26,0.57,0.63,0.74,0.73,0.36,0.49,0.49
0.74,0.40,0.48,0.65,0.69,0.04,0.57,0.58,0.80,0.94
0.56,0.39,0.56,0.45,0.58,0.91,0.50,0.40,0.17,0.44
1.13,1.00,-0.40,0.48,0.64,0.34,0.39,0.43,0.27,-0.01
0.43,0.38,0.20,0.80,0.69,0.68,0.53,1.28,0.14,0.29
0.17,0.76,0.89,0.50,0.39,0.55,0.87,0.15,0.45,0.40
0.30,0.90,0.58,0.72,0.80,0.92,0.34,0.53,0.15,0.56
0.96,-0.14,0.52,0.63,0.87,0.78,0.82,-0.24,0.50,0.65
0.43,1.13,0.18,0.75,0.25,0.59,0.20,0.27,0.15,0.95
0.72,0.06,0.25,0.49,0.35,0.73,0.02,0.64,0.49,0.95
0.33,0.46,-0.08,0.04,0.73,0.53,-0.06,0.75,0.55,0.76
0.35,0.83,0.74,0.24,0.47,0.35,0.02,0.88,0.33,0.28
-0.15,0.70,0.61,0.88,0.15,0.39,1.03,0.54,-0.50,0.51
1.13,0.57,0.29,0.65,0.55,0.94,0.73,0.23,0.50,0.59
-0.02,0.48,1.26,0.55,-0.32,0.88,0.57,0.96,0.29,0.11
0.27,0.26,1.13,0.20,1.10,0.72,-0.32,0.56,0.05,0.64
0.35,0.62,0.82,0.76,-0.33,0.65,-0.22,1.02,0.22,0.19
-0.50,0.35,0.77,0.54,1.25,1.45,0.56,0.87,-0.64,0.09
0.59,0.77,0.58,0.36,0.24,-0.32,0.12,0.87,0.26,0.67
0.74,0.30,-0.28,0.21,0.02,0.57,1.16,0.72,0.48,0.32
-0.02,0.19,0.33,0.29,1.02,0.89,-0.75,0.27,1.29,0.77
0.74,0.71,0.72,0.01,0.91,0.24,0.03,0.76,0.64,0.05
0.07,0.03,0.94,0.62,0.95,0.79,0.93,0.41,0.37,0.12
0.45,-0.54,0.40,0.68,0.90,0.54,1.11,0.52,1.09,0.43
0.52,0.96,0.42,0.45,0.54,0.41,0.42,0.82,0.49,0.63
0.41,0.84,0.17,0.61,0.40,0.46,0.84,0.84,-0.30,0.19
0.67,0.83,0.35,0.78,0.38,-0.01,1.00,0.67,-0.01,0.96
0.91,0.98,0.41,-0.37,0.33,0.48,0.39,0.83,0.36,0.56
0.63,0.58,0.22,0.54,0.43,0.37,0.68,0.39,0.50,0.52
0.65,0.60,0.36,0.41,-0.02,0.63,0.41,0.80,0.69,0.73
-0.18,0.72,0.42,0.19,-0.24,1.02,1.62,-0.35,0.15,0.03
-0.01,0.92,0.99,0.48,0.51,1.03,-0.05,0.69,0.10,0.42
0.65,0.45,0.11,1.12,0.25,1.03,0.34,0.52,0.56,0.67
0.47,0.05,0.65,0.69,1.15,0.34,-0.06,1.06,0.47,0.12
0.45,0.39,0.51,0.36,1.15,0.76,-0.06,0.47,0.99,0.25
0.72,0.68,0.28,0.45,0.55,0.21,0.82,0.25,0.37,0.46
-0.13,0.82,0.76,0.32,0.56,0.06,0.06,0.43,0.86,1.20
0.73,0.25,1.39,0.03,-0.12,0.52,1.83,0.17,0.65,0.53
0.51,0.60,0.56,0.46,0.40,0.93,0.04,0.55,0.41,0.80
0.58,0.52,0.73,0.49,0.26,0.25,0.41,0.78,0.64,0.69
0.67,-0.50,1.55,-0.17,-0.09,0.11,0.03,0.45,0.84,0.55
0.49,0.63,0.87,0.37,-0.07,0.80,0.87,0.79,0.57,0.41
0.83,0.16,1.48,-0.42,0.05,0.91,-0.05,0.25,1.04,0.51
0.64,0.92,0.22,0.86,-0.12,0.19,0.63,1.06,0.66,-0.18
0.60,0.42,0.71,0.49,0.54,0.38,0.57,0.82,0.28,0.35
1.44,0.94,0.58,-0.15,0.40,0.33,-0.19,0.84,0.64,0.25
0.63,0.46,0.42,0.48,0.12,0.65,-0.17,0.27,0.78,1.00
0.73,0.64,0.07,0.10,1.73,-0.60,0.39,0.84,0.66,0.11
0.43,0.50,1.03,0.54,0.54,0.22,0.87,0.69,0.28,-0.25
0.46,0.80,0.45,0.37,0.11,0.61,0.82,0.58,0.35,0.35
-0.01,0.21,0.59,0.86,1.07,0.02,1.36,-0.51,0.47,0.75
0.56,0.56,0.56,-0.14,0.27,0.67,0.28,1.09,0.08,0.55
0.44,0.12,0.57,0.12,-0.03,0.61,0.14,0.90,0.88,0.17
1.26,0.31,0.54,0.50,0.54,0.53,0.88,0.43,0.12,0.92
0.26,0.40,0.95,0.49,0.23,1.12,0.17,0.54,0.53,0.80
-0.26,0.42,0.65,0.91,0.41,0.74,-0.08,0.56,0.37,0.34
0.82,1.08,0.54,0.40,0.15,0.22,1.01,0.43,0.32,0.02
0.45,0.42,1.15,0.51,0.82,0.42,0.82,0.43,0.48,-0.30
0.03,0.50,0.67,0.47,0.52,0.54,0.02,0.93,0.74,0.59
0.57,0.74,0.71,0.47,0.70,0.36,0.75,0.65,0.48,0.39
0.74,0.54,0.45,0.38,1.19,0.17,0.21,0.46,0.16,0.35
0.66,0.94,0.26,0.60,0.32,0.88,-0.32,0.58,0.74,0.49
0.33,0.55,-0.08,0.62,0.66,0.60,0.66,0.83,0.37,0.63
0.53,0.35,0.86,0.25,0.59,0.71,0.28,0.87,0.19,0.66
0.64,0.45,0.57,0.51,0.29,1.04,0.13,0.46,0.22,0.81
-0.14,0.13,-0.04,1.20,0.29,0.75,0.71,1.45,0.48,0.51
-0.14,0.10,0.67,0.13,0.64,0.29,0.03,-0.23,-0.03,0.41
0.81,0.04,1.18,0.32,0.90,0.52,0.98,-0.12,0.86,0.08
0.71,0.21,0.97,0.40,0.75,0.65,0.06,0.62,0.60,0.53
0.28,0.16,0.55,-0.04,0.38,0.80,0.22,1.24,0.48,0.64
0.80,0.90,0.62,0.62,0.57,0.35,-0.09,0.45,0.34,0.19
0.77,0.50,0.29,0.31,0.52,0.09,0.67,0.76,0.64,1.02
0.49,0.38,0.56,0.63,0.98,0.16,0.23,0.75,0.50,0.20
0.13,0.87,0.29,0.06,0.43,0.73,-0.34,0.89,0.28,0.56
0.84,0.59,0.22,0.57,0.36,0.36,0.66,0.79,0.60,0.70
0.41,1.08,0.63,0.00,0.56,0.66,0.28,0.56,0.63,0.85
0.58,0.48,0.55,1.21,0.23,0.77,0.99,0.66,0.40,0.56
0.39,1.01,0.12,0.43,0.61,0.47,0.69,0.80,0.04,1.07
0.59,1.13,0.49,0.27,0.52,0.64,-0.26,0.05,0.82,0.41
0.75,0.76,0.34,0.18,0.76,0.52,0.54,0.22,0.28,0.54
0.72,0.88,1.10,0.79,0.30,0.54,0.81,0.26,0.60,0.49
0.45,0.56,0.38,0.51,0.75,0.92,0.08,0.62,0.38,0.56
0.95,0.38,0.32,1.00,0.33,-0.16,1.28,0.34,0.58,0.70
0.71,0.70,1.26,0.20,0.10,0.73,0.73,0.17,0.40,0.64
0.36,0.72,0.78,0.62,0.40,0.72,0.57,0.35,0.49,0.61
0.95,1.15,1.67,-0.71,-0.38,-0.49,0.77,0.60,-0.55,0.66
0.21,0.09,1.01,0.71,0.44,-0.40,-0.07,1.05,0.59,0.36
0.93,0.69,0.23,0.50,0.15,0.57,0.77,0.77,0.41,0.21
0.96,0.68,0.51,0.17,0.52,0.33,0.57,0.64,1.02,0.23
0.89,0.60,0.98,0.68,0.45,0.67,0.01,0.39,0.44,0.49
0.55,0.56,0.31,0.49,0.04,0.70,1.26,0.43,0.27,0.58
0.79,0.82,1.05,-0.25,0.53,0.50,-0.31,0.33,0.95,0.20
0.96,0.69,0.39,0.61,0.67,0.68,0.45,0.27,0.50,0.42
0.38,0.88,0.46,-0.06,0.48,0.65,-0.16,0.75,0.71,0.82
0.86,0.48,0.23,0.46,0.84,0.39,0.54,0.49,0.27,0.53
0.51,0.55,1.01,-0.05,0.17,0.65,0.41,0.26,0.75,0.67
0.60,0.78,0.25,0.83,0.53,0.40,0.75,0.63,0.84,0.47
0.77,0.85,0.65,0.04,0.08,0.63,0.33,0.69,0.69,0.20
0.17,0.55,0.97,0.88,0.46,0.37,0.36,0.33,0.52,0.33
0.81,0.64,0.34,0.50,0.30,0.91,0.98,0.71,0.32,0.62
0.77,0.33,0.55,0.64,0.73,0.38,0.37,0.36,0.42,0.72
0.03,0.66,0.57,0.08,0.54,0.73,0.69,0.90,0.70,0.49
0.60,0.60,0.75,-0.01,0.60,0.20,0.83,-0.18,0.15,0.35
0.04,0.74,0.82,0.54,1.01,0.66,-0.10,-0.05,0.75,0.47
0.68,0.62,0.68,0.04,0.78,0.96,0.18,0.38,0.28,0.28
0.91,0.88,0.26,0.52,0.50,0.69,0.30,0.22,-0.31,-0.20
0.35,0.32,-0.06,1.15,0.83,0.56,1.00,0.70,0.42,0.04
0.06,0.59,0.75,0.06,0.52,0.75,0.60,0.81,0.10,0.80
1.16,0.33,0.39,0.64,0.41,0.35,1.00,0.53,0.04,0.58
1.25,1.34,0.60,1.33,0.82,-0.18,0.21,-0.11,0.12,-0.04
0.68,0.50,0.18,0.61,1.16,0.90,0.45,0.82,0.34,0.36
-0.17,0.32,1.15,-0.01,0.48,0.77,0.48,0.41,0.17,0.19
0.04,0.60,0.94,0.44,0.54,0.78,0.76,0.10,-0.24,1.06
0.45,0.45,0.76,0.28,0.67,0.97,0.01,-0.15,0.99,0.15
0.24,0.70,0.82,0.61,0.20,0.40,-0.03,0.63,0.25,0.44
0.86,0.35,0.38,0.27,0.27,1.20,1.12,0.39,0.13,0.70
1.28,0.18,0.43,1.08,-0.18,0.41,1.13,0.39,0.07,0.93
0.54,-0.23,-0.08,0.60,0.35,0.29,0.13,1.40,0.49,0.85
0.55,0.51,0.43,0.92,0.92,0.50,-0.39,0.53,1.15,0.06
0.38,0.57,0.29,0.56,0.62,-0.18,0.57,1.20,0.79,1.01
1.09,0.11,1.35,0.22,0.01,0.23,0.17,0.27,0.88,0.25
0.83,0.44,0.97,0.54,-0.22,0.04,-0.21,0.65,0.71,0.66
0.56,0.52,0.25,0.52,1.16,0.12,0.72,0.01,0.42,1.27
0.53,0.33,1.00,0.26,0.28,0.88,0.15,0.29,0.61,0.97
0.08,1.19,-0.28,1.32,0.73,0.05,0.12,1.11,-0.07,0.09
0.70,0.76,0.07,0.60,0.34,0.62,0.75,0.26,-0.29,0.56
-0.03,0.42,0.60,-0.19,1.01,0.42,-0.44,0.90,0.67,1.29
0.92,0.61,0.44,0.34,0.75,-0.01,-0.35,0.93,0.32,0.37
0.55,0.72,0.63,0.59,0.73,0.48,0.51,0.45,0.35,0.31
0.62,0.73,0.26,0.87,0.60,0.68,-0.07,1.07,-0.23,0.78
0.87,0.68,0.93,1.00,0.24,0.16,-0.24,0.48,0.72,0.00
0.38,0.40,0.23,0.55,0.53,0.27,0.77,0.26,0.61,0.45
0.47,0.53,-0.12,-0.28,0.89,0.56,0.83,0.07,-0.17,0.24
0.31,0.19,0.70,0.42,0.38,0.50,0.65,0.49,0.40,0.67
-0.01,-0.02,0.13,0.73,0.40,0.47,-0.19,0.76,0.94,0.80
0.61,0.62,0.51,0.24,0.28,0.74,0.57,0.69,0.46,0.70
0.04,0.51,0.70,0.79,0.68,0.12,0.96,0.89,0.50,0.29
0.71,0.16,0.42,0.68,0.91,0.21,0.03,0.77,0.29,0.82
0.83,0.50,0.42,0.65,0.61,0.54,0.05,0.46,0.61,0.33
0.35,0.71,0.76,0.85,0.65,0.50,0.72,0.67,0.50,0.50
0.54,0.20,0.34,0.94,0.48,0.82,0.35,0.71,0.21,0.67
1.22,0.40,0.24,0.13,0.69,0.80,0.30,-0.37,-0.88,0.68
-0.14,0.86,0.99,0.45,0.26,1.51,0.38,0.82,-0.00,-0.10
0.48,0.53,0.52,1.03,0.58,0.13,0.75,0.89,0.08,0.74
0.45,0.15,0.54,0.72,0.80,0.75,0.83,0.33,0.45,0.53
0.90,0.72,0.55,0.51,0.53,0.66,0.62,0.06,0.50,0.41
-0.19,0.78,-0.05,1.07,0.38,0.37,0.28,1.12,0.29,0.78
0.83,0.67,0.62,0.60,0.38,0.72,0.87,0.64,0.34,0.59
0.47,0.03,0.25,0.89,0.69,0.68,0.36,0.49,0.71,0.47
0.11,0.67,0.82,0.54,0.52,0.38,0.45,0.41,0.40,0.68
0.63,0.60,0.86,-0.15,0.51,0.47,0.65,0.52,0.49,0.58
0.85,0.76,0.06,0.75,0.21,1.14,0.62,0.63,0.60,0.17
0.55,-0.10,-0.01,0.31,-0.06,0.02,1.13,1.29,0.60,0.84
0.17,0.64,0.54,1.51,0.17,-0.08,0.52,0.30,1.21,0.46
1.22,0.49,0.36,0.28,0.82,0.05,0.92,0.79,0.22,-0.13
-0.01,0.25,0.39,0.44,1.08,1.23,0.49,0.37,0.33,0.88
0.80,0.99,0.32,0.59,0.64,0.15,0.39,0.39,0.85,0.40
0.55,0.26,0.63,1.11,0.43,0.56,0.59,1.03,0.11,0.35
0.61,0.85,0.05,0.62,0.38,0.40,0.86,0.59,0.16,0.92
0.60,1.56,0.45,0.55,0.40,0.27,-0.57,0.80,0.16,-0.37
0.74,0.13,0.01,-0.20,1.65,-0.31,0.80,0.94,-0.03,0.64
0.75,0.85,0.33,0.91,-1.29,0.91,0.73,0.55,0.48,0.59
0.46,0.07,0.39,0.74,0.80,0.98,0.82,0.99,-0.19,0.40
0.19,0.13,0.44,0.78,0.45,0.80,1.18,0.71,0.15,0.44
0.58,0.68,0.36,0.44,0.33,0.51,0.75,0.90,0.46,0.57
0.36,0.59,0.33,0.86,0.77,0.18,0.63,-0.23,0.76,0.82
0.09,1.40,-0.08,-0.12,0.69,0.20,0.84,0.80,-0.17,1.13
0.48,0.52,0.32,0.51,0.48,0.05,1.83,0.45,1.50,0.34
1.16,0.07,-0.06,1.53,0.70,0.79,0.33,0.37,-0.13,0.67
0.60,0.97,0.49,0.96,0.26,0.60,0.62,0.03,0.34,0.57
0.10,1.19,-0.29,0.43,0.64,-0.25,0.25,0.78,0.85,1.17
0.47,0.52,0.51,0.57,0.33,0.63,-0.07,1.15,0.57,0.85
0.47,0.79,0.69,0.80,0.84,0.10,1.12,0.17,0.81,0.18
-0.45,1.19,0.33,0.96,-0.92,1.30,0.44,0.64,0.26,0.28
0.47,0.54,0.49,1.06,0.31,0.70,0.39,0.64,0.12,0.64
1.29,0.56,0.07,0.73,0.41,0.09,1.16,0.49,0.10,-0.08
-0.16,0.45,0.59,0.88,0.58,0.51,0.08,0.81,0.56,0.35
0.26,1.08,0.64,0.80,-0.02,0.45,0.55,0.67,0.46,0.64
0.73,1.08,0.52,0.99,0.87,0.57,0.80,0.49,-0.04,-0.33
0.94,1.01,0.06,0.26,0.82,0.72,0.35,0.77,-0.02,0.25
0.11,0.40,0.45,0.35,0.51,0.96,1.06,0.75,-0.11,0.89
0.29,0.56,0.65,0.97,0.20,0.32,1.10,0.50,-0.15,0.96
0.74,1.04,1.11,0.64,0.31,0.87,0.87,-0.27,0.21,-0.29
0.50,0.41,0.52,0.80,0.55,0.44,0.31,0.22,0.71,0.72
0.42,0.54,0.33,0.55,0.26,0.49,0.49,0.94,0.44,0.43
0.48,0.07,0.22,0.48,0.52,0.83,0.18,0.64,0.61,0.74
0.51,0.72,0.49,0.53,0.52,0.44,0.88,0.54,0.81,0.30
0.75,0.49,0.55,0.41,0.56,0.59,0.62,0.22,0.77,-0.13
1.33,0.54,-0.00,0.19,0.46,0.46,0.69,0.60,0.34,0.34
0.47,1.02,0.54,0.05,0.56,0.63,0.31,0.97,0.32,0.25
1.23,0.83,0.43,0.71,0.31,0.10,0.24,0.27,0.18,0.65
0.11,0.32,0.50,1.08,-0.08,0.07,-0.10,0.17,0.12,1.02
0.46,0.48,0.71,0.66,0.52,0.71,0.14,0.65,0.04,1.40
0.74,0.47,-0.14,1.02,0.01,-0.06,1.07,1.06,0.59,0.62
0.37,0.70,0.41,0.50,0.45,0.49,0.73,0.37,0.46,0.28
0.30,1.09,0.26,0.73,0.52,0.51,0.26,0.38,0.99,-0.29
0.50,0.97,0.68,0.30,0.13,0.37,0.09,0.98,0.91,0.66
1.00,0.10,0.13,0.63,0.14,1.15,0.73,0.99,0.26,0.48
0.37,0.38,0.02,0.66,0.48,0.81,0.62,0.52,0.58,1.20
-0.05,1.26,0.20,0.05,0.66,0.69,0.50,1.02,0.27,0.52
0.25,-0.09,1.09,0.07,0.02,1.74,0.96,0.28,0.16,-0.06
0.69,0.66,-0.05,0.63,0.67,0.44,0.09,0.47,0.58,0.64
0.75,0.01,0.35,0.23,0.60,0.71,1.23,0.49,0.59,0.85
0.53,0.53,0.72,1.06,0.32,0.98,1.15,0.34,-0.06,-0.12
0.19,0.75,0.40,0.32,-0.33,1.06,0.86,0.98,0.38,0.13
0.39,0.67,0.74,0.51,0.44,0.70,0.43,0.46,0.48,0.63
0.34,0.47,0.15,0.75,0.44,1.11,0.73,0.36,0.41,0.50
0.33,0.47,0.54,0.65,-0.01,0.69,0.78,-0.01,0.37,0.71
1.08,0.84,-0.15,0.72,0.92,0.08,1.31,0.34,-0.25,0.51
0.70,0.31,0.52,0.83,0.57,0.70,0.37,0.67,0.17,0.87
0.42,0.43,0.35,0.84,0.48,1.15,1.15,0.31,0.11,0.38
0.63,1.00,0.58,0.51,0.17,1.12,0.66,-0.26,0.90,0.37
-0.13,0.76,0.39,0.65,0.69,0.20,0.22,0.77,0.13,0.90
1.11,1.06,-0.04,0.43,0.07,0.73,0.17,0.74,0.84,0.55
0.49,0.40,0.58,0.49,0.72,0.60,0.13,0.36,0.59,0.59
0.23,0.62,-0.21,0.76,0.59,0.85,0.55,0.07,0.58,0.96
1.00,0.41,0.62,0.75,0.69,0.63,0.50,0.30,0.16,0.43
0.45,0.46,0.86,0.45,0.20,0.18,-0.04,0.42,0.35,1.03
1.22,0.46,0.41,0.67,0.48,0.05,1.56,0.10,0.36,0.59
1.09,0.21,0.47,0.40,0.22,0.86,-0.21,0.62,0.80,0.71
0.46,0.47,0.62,0.34,0.48,0.74,0.66,0.47,0.05,0.57
1.02,0.53,0.34,0.69,0.85,0.41,-0.08,0.77,0.83,0.32
1.14,-0.83,1.49,-0.19,-0.18,0.36,1.46,0.24,0.66,0.39
0.21,0.47,0.26,0.42,0.36,0.50,0.04,0.66,0.66,0.62
0.32,-0.04,0.81,-0.27,1.00,0.75,0.46,0.85,0.21,0.13
0.51,0.53,0.73,0.60,0.45,0.85,0.52,0.57,0.38,0.57
0.40,0.46,0.37,0.75,1.04,0.37,0.59,0.68,0.05,0.42
1.04,0.35,1.21,0.79,0.37,-0.03,-0.31,0.64,0.36,0.14
0.79,0.37,0.84,0.50,0.45,-0.32,1.09,0.70,0.64,0.23
0.28,0.07,0.41,0.70,0.23,1.02,0.66,0.21,0.37,0.84
0.15,0.72,1.00,0.19,0.51,0.46,0.42,0.55,0.65,0.44
0.72,0.66,0.41,0.58,0.20,0.33,1.06,0.63,0.94,-0.15
-0.00,0.88,0.69,0.63,-0.41,0.68,0.78,0.73,0.42,0.25
0.49,0.43,0.37,0.29,0.51,0.35,0.80,0.57,0.41,0.24
0.54,0.32,0.50,0.70,0.30,0.84,0.16,0.82,0.65,0.57
